Dark Measurment Timestamp:20110927T112413
GR_L,0,2,2,3,1,2
GR_R,0,0,0,1,0,0
UV_L,0,2,3,4,1,3
UV_R,0,2,2,6,1,4

Light Measurement Timestamp:20110927T112420
GR_L,2069,2097,2083,2140,1984,2040
GR_R,1975,2100,2063,2224,2289,2065
UV_L,2233,2072,2023,1907,1863,2052
UV_R,2043,2084,1976,2026,2134,1920

Dark Measurment Timestamp:20110927T112432
GR_L,0,2,2,3,1,2
GR_R,0,0,0,1,0,0
UV_L,0,2,3,4,1,3
UV_R,0,2,2,6,1,4

Light Measurement Timestamp:20110927T112442
GR_L,2069,2097,2083,2140,1984,2040
GR_R,1975,2101,2063,2224,2289,2065
UV_L,2235,2072,2025,1911,1864,2051
UV_R,2043,2083,1974,2025,2133,1924

Dark Measurment Timestamp:20111004T095503
GR_L,0,2,2,3,1,2
GR_R,0,0,0,1,0,0
UV_L,0,2,3,4,1,3
UV_R,0,2,2,6,1,4

Light Measurement Timestamp:20111004T095509
GR_L,2067,2093,2081,2136,1983,2035
GR_R,1973,2099,2064,2226,2289,2066
UV_L,2237,2070,2010,1917,1857,2049
UV_R,2047,2090,1990,2039,2147,1933

Dark Measurment Timestamp:20111011T093433
GR_L,0,2,2,3,1,2
GR_R,0,0,0,1,0,0
UV_L,0,2,3,4,1,3
UV_R,0,2,2,6,1,4

Light Measurement Timestamp:20111011T093440
GR_L,2076,2100,2089,2142,1990,2043
GR_R,1986,2108,2070,2231,2298,2069
UV_L,2244,2073,2004,1918,1861,2053
UV_R,2056,2094,2000,2038,2143,1932

Dark Measurment Timestamp:20111018T092945
GR_L,0,2,2,3,1,2
GR_R,0,0,0,1,0,0
UV_L,0,2,3,4,1,3
UV_R,0,2,3,6,1,4

Light Measurement Timestamp:20111018T092952
GR_L,2073,2094,2087,2142,1988,2045
GR_R,1990,2111,2072,2231,2295,2070
UV_L,2245,2075,2018,1932,1867,2060
UV_R,2062,2104,2013,2048,2147,1936

Dark Measurment Timestamp:20111025T104157
GR_L,0,2,2,3,1,2
GR_R,0,0,0,1,0,0
UV_L,0,2,3,4,1,3
UV_R,0,2,2,6,1,4

Light Measurement Timestamp:20111025T104218
GR_L,2065,2087,2079,2135,1979,2035
GR_R,1972,2096,2060,2219,2286,2062
UV_L,2242,2077,2015,1928,1809,2056
UV_R,2045,2089,1993,2033,2143,1930

Dark Measurment Timestamp:20111101T091825
GR_L,0,2,2,4,1,2
GR_R,0,0,0,1,0,0
UV_L,0,2,3,4,1,3
UV_R,0,2,3,6,1,4

Light Measurement Timestamp:20111101T091832
GR_L,2063,2085,2078,2138,1985,2040
GR_R,1974,2095,2058,2211,2281,2054
UV_L,2224,2052,1988,1909,1824,2045
UV_R,2034,2073,1972,2013,2119,1911

Dark Measurment Timestamp:20111108T101840
GR_L,0,2,2,3,1,2
GR_R,0,0,0,1,0,0
UV_L,0,2,3,4,1,3
UV_R,0,2,2,6,1,4

Light Measurement Timestamp:20111108T101847
GR_L,2058,2079,2070,2133,1982,2035
GR_R,1970,2089,2052,2208,2275,2049
UV_L,2210,2035,1982,1896,1776,2032
UV_R,2026,2061,1967,2003,2109,1902

Dark Measurment Timestamp:20111115T094022
GR_L,0,2,2,3,1,2
GR_R,0,0,0,0,0,0
UV_L,0,2,3,4,1,3
UV_R,0,2,2,6,1,4

Light Measurement Timestamp:20111115T094029
GR_L,2075,2095,2084,2145,1992,2046
GR_R,1984,2101,2064,2220,2289,2063
UV_L,2227,2052,1989,1908,1795,2046
UV_R,2045,2075,1991,2016,2120,1909

Dark Measurment Timestamp:20111129T102256
GR_L,0,2,2,4,1,2
GR_R,0,0,0,0,0,0
UV_L,0,2,3,4,1,3
UV_R,0,2,2,6,1,4

Light Measurement Timestamp:20111129T102323
GR_L,2077,2104,2092,2157,2001,2061
GR_R,1984,2098,2057,2216,2282,2053
UV_L,2230,2068,2014,1919,1853,2068
UV_R,2043,2072,1997,2016,2108,1903

Dark Measurment Timestamp:20111206T091505
GR_L,0,2,2,4,1,2
GR_R,0,0,0,0,0,0
UV_L,0,2,3,4,1,3
UV_R,0,2,2,6,1,4

Light Measurement Timestamp:20111206T091512
GR_L,2063,2084,2079,2144,1988,2046
GR_R,1984,2104,2069,2226,2295,2065
UV_L,2208,2042,1989,1909,1839,2043
UV_R,2037,2070,1998,2017,2120,1909

Dark Measurment Timestamp:20120103T095021
GR_L,0,2,2,4,1,2
GR_R,0,0,0,1,0,0
UV_L,0,2,3,4,3,3
UV_R,0,2,2,6,1,4

Light Measurement Timestamp:20120103T095032
GR_L,2068,2099,2080,2150,1996,2053
GR_R,1993,2112,2077,2234,2312,2076
UV_L,2194,2026,1992,1877,1824,2035
UV_R,2030,2066,1987,2007,2107,1902

Dark Measurment Timestamp:20120117T112050
GR_L,0,2,2,4,1,2
GR_R,0,0,0,0,0,0
UV_L,0,2,3,4,1,3
UV_R,0,2,2,6,1,4

Light Measurement Timestamp:20120117T112106
GR_L,2069,2097,2080,2150,1996,2050
GR_R,1981,2103,2069,2227,2304,2069
UV_L,2195,2029,2003,1886,1821,2033
UV_R,2020,2051,1970,1994,2091,1891

Dark Measurment Timestamp:20120124T104628
GR_L,0,2,2,4,1,2
GR_R,0,0,0,1,0,0
UV_L,0,2,3,4,1,3
UV_R,0,2,2,6,1,4

Light Measurement Timestamp:20120124T104636
GR_L,2057,2082,2071,2142,1987,2044
GR_R,1979,2101,2068,2223,2299,2064
UV_L,2185,2020,1994,1884,1818,2030
UV_R,2024,2064,1991,2012,2112,1913

Dark Measurment Timestamp:20120130T112104
GR_L,0,2,2,4,1,2
GR_R,0,0,0,0,0,0
UV_L,1,2,3,4,3,3
UV_R,0,2,2,6,1,4

Light Measurement Timestamp:20120130T112110
GR_L,2070,2093,2074,2148,1993,2048
GR_R,1995,2115,2081,2235,2314,2076
UV_L,2205,2035,2002,1888,1822,2039
UV_R,2038,2070,2002,2016,2114,1912

Dark Measurment Timestamp:20120130T112340
GR_L,0,2,2,4,1,2
GR_R,0,0,0,0,0,0
UV_L,0,2,3,4,3,3
UV_R,0,2,2,6,1,4

Light Measurement Timestamp:20120130T112346
GR_L,2061,2037,2123,2068,1955,2046
GR_R,1998,2119,2084,2242,2326,2093
UV_L,2064,1929,1914,1817,1749,1974
UV_R,2038,2075,2000,2022,2123,1927

Dark Measurment Timestamp:20120131T095940
GR_L,0,2,2,4,1,2
GR_R,0,0,0,0,0,0
UV_L,0,2,3,4,3,3
UV_R,0,2,2,6,1,4

Light Measurement Timestamp:20120131T095946
GR_L,2058,2031,2109,2065,1956,2040
GR_R,1998,2109,2081,2237,2326,2092
UV_L,2063,1926,1894,1813,1749,1969
UV_R,2034,2065,1999,2020,2127,1929

Dark Measurment Timestamp:20120207T150433
GR_L,0,2,2,4,1,2
GR_R,0,0,0,0,0,0
UV_L,0,2,3,4,3,3
UV_R,0,2,2,6,1,4

Light Measurement Timestamp:20120207T150445
GR_L,2057,2035,2128,2094,1978,2064
GR_R,2000,2112,2077,2233,2313,2081
UV_L,2064,1933,1910,1824,1764,1991
UV_R,2039,2069,2006,2019,2120,1920

Dark Measurment Timestamp:20120214T102839
GR_L,0,2,2,4,1,3
GR_R,0,0,0,0,0,0
UV_L,0,2,3,4,3,3
UV_R,0,2,2,6,1,4

Light Measurement Timestamp:20120214T102856
GR_L,2045,2025,2119,2083,1970,2053
GR_R,1996,2110,2076,2231,2311,2076
UV_L,2050,1928,1905,1827,1753,1984
UV_R,2034,2063,1988,2007,2108,1908

Dark Measurment Timestamp:20120221T100433
GR_L,0,2,2,4,1,2
GR_R,0,0,0,0,0,0
UV_L,0,2,3,4,3,3
UV_R,0,2,2,6,1,4

Light Measurement Timestamp:20120221T100439
GR_L,2042,2028,2119,2086,1976,2058
GR_R,1967,2076,2058,2217,2295,2062
UV_L,2039,1921,1901,1819,1745,1971
UV_R,1999,2030,1975,1997,2096,1898

