Dark Measurment Timestamp:20110927T112719
GR_L,0,2,2,4,1,3
GR_R,0,0,0,1,0,0
UV_L,0,2,3,4,3,3
UV_R,0,4,3,6,1,4

Light Measurement Timestamp:20110927T112741
GR_L,2176,2195,2129,2037,1955,1965
GR_R,1869,2186,2158,2184,2305,2131
UV_L,2470,2232,2041,2090,1911,2122
UV_R,1963,2399,2098,2292,2353,1956

Dark Measurment Timestamp:20110927T112755
GR_L,0,2,2,4,1,3
GR_R,0,0,0,1,0,0
UV_L,0,2,3,4,3,3
UV_R,0,4,3,6,1,4

Light Measurement Timestamp:20110927T112804
GR_L,2175,2195,2129,2036,1955,1965
GR_R,1869,2186,2158,2184,2307,2133
UV_L,2463,2232,2041,2090,1909,2120
UV_R,1965,2398,2093,2293,2353,1956

Dark Measurment Timestamp:20111004T095657
GR_L,0,2,2,3,1,2
GR_R,0,0,0,1,0,0
UV_L,0,2,3,4,1,3
UV_R,0,4,3,6,1,4

Light Measurement Timestamp:20111004T095703
GR_L,2173,2196,2127,2046,1963,1972
GR_R,1878,2201,2172,2191,2307,2123
UV_L,2477,2237,2050,2087,1912,2133
UV_R,1972,2413,2102,2296,2349,1948

Dark Measurment Timestamp:20111011T093722
GR_L,0,2,2,4,1,3
GR_R,0,0,0,1,0,0
UV_L,0,2,3,4,3,3
UV_R,0,4,3,6,1,4

Light Measurement Timestamp:20111011T093740
GR_L,2176,2199,2138,2060,1976,1989
GR_R,1878,2194,2169,2189,2293,2116
UV_L,2474,2236,2058,2086,1921,2147
UV_R,1961,2396,2088,2264,2324,1913

Dark Measurment Timestamp:20111018T093207
GR_L,0,2,2,4,1,2
GR_R,0,0,0,1,0,0
UV_L,0,2,3,4,1,3
UV_R,0,3,3,7,1,4

Light Measurement Timestamp:20111018T093214
GR_L,2167,2196,2130,2054,1968,1987
GR_R,1893,2216,2187,2195,2294,2109
UV_L,2489,2257,2068,2091,1929,2159
UV_R,1982,2429,2111,2288,2353,1927

Dark Measurment Timestamp:20111025T104522
GR_L,0,0,0,0,0,0
GR_R,0,0,0,1,0,0
UV_L,0,0,0,0,0,0
UV_R,0,0,0,0,0,0

Light Measurement Timestamp:20111025T104529
GR_L,2170,2199,2136,2057,1971,1993
GR_R,1879,2204,2172,2182,2274,2093
UV_L,2499,2276,2077,2106,1937,2161
UV_R,1969,2419,2109,2280,2360,1924

Dark Measurment Timestamp:20111101T092018
GR_L,0,2,2,4,1,3
GR_R,0,0,0,1,0,0
UV_L,0,2,3,4,1,3
UV_R,0,3,3,7,1,4

Light Measurement Timestamp:20111101T092030
GR_L,2161,2191,2133,2062,1980,2002
GR_R,1873,2195,2172,2177,2266,2082
UV_L,2486,2264,2074,2093,1933,2167
UV_R,1963,2410,2101,2275,2349,1912

Dark Measurment Timestamp:20111108T101944
GR_L,0,2,2,4,1,2
GR_R,0,0,0,1,0,0
UV_L,0,2,3,4,3,3
UV_R,0,4,3,6,1,4

Light Measurement Timestamp:20111108T101955
GR_L,2160,2186,2130,2053,1968,1986
GR_R,1881,2207,2182,2191,2279,2098
UV_L,2492,2238,2072,2091,1925,2157
UV_R,1977,2425,2118,2293,2378,1930

Dark Measurment Timestamp:20111115T094228
GR_L,0,2,2,4,1,2
GR_R,0,0,0,1,0,0
UV_L,0,2,3,4,3,3
UV_R,0,4,3,6,1,4

Light Measurement Timestamp:20111115T094234
GR_L,2157,2181,2122,2043,1954,1973
GR_R,1877,2200,2179,2190,2277,2101
UV_L,2492,2239,2072,2083,1912,2141
UV_R,1977,2426,2116,2296,2381,1936

Dark Measurment Timestamp:20111129T102512
GR_L,0,2,2,4,1,3
GR_R,0,0,0,1,0,0
UV_L,0,2,3,4,3,3
UV_R,0,4,3,6,1,4

Light Measurement Timestamp:20111129T102519
GR_L,2165,2187,2131,2057,1968,1990
GR_R,1879,2193,2185,2197,2289,2113
UV_L,2489,2259,2073,2084,1912,2161
UV_R,1972,2381,2108,2286,2346,1919

Dark Measurment Timestamp:20111206T091731
GR_L,0,2,2,4,1,3
GR_R,0,0,0,1,0,0
UV_L,0,2,3,4,3,3
UV_R,0,3,2,6,1,4

Light Measurement Timestamp:20111206T091738
GR_L,2148,2174,2120,2048,1966,1986
GR_R,1874,2189,2179,2186,2277,2093
UV_L,2479,2249,2066,2083,1916,2154
UV_R,1966,2384,2103,2273,2332,1888

Dark Measurment Timestamp:20120103T094850
GR_L,0,2,2,4,1,2
GR_R,0,0,0,1,0,0
UV_L,0,2,3,4,3,3
UV_R,0,4,3,6,1,4

Light Measurement Timestamp:20120103T094901
GR_L,2141,2170,2119,2045,1957,1979
GR_R,1863,2167,2179,2194,2267,2107
UV_L,2466,2233,2053,2065,1878,2122
UV_R,1951,2347,2059,2233,2303,1838

Dark Measurment Timestamp:20120117T112251
GR_L,0,2,2,4,1,3
GR_R,0,0,0,1,0,0
UV_L,0,2,3,4,3,3
UV_R,0,3,3,6,1,4

Light Measurement Timestamp:20120117T112300
GR_L,2123,2154,2107,2033,1945,1966
GR_R,1853,2160,2170,2182,2255,2092
UV_L,2448,2219,2045,2055,1872,2119
UV_R,1946,2339,2060,2236,2299,1838

