0, 0, 15, 15, 0, 0, 15, 15, 0, 0, 15, 15, 0, 0, 15, 15, 0, 0, 15, 15, 0, 0, 15, 15, 0, 0, 15, 15, 0, 0, 15, 15, 0, 0, 15, 15, 0, 0, 15, 15, 0, 0, 15, 15, 0, 0, 15, 15, 0, 0, 15, 15, 0, 0, 15, 15, 0, 0, 15, 15, 0, 0, 15, 15, 
0, 0, 0, 0, 15, 15, 15, 15, 0, 0, 0, 0, 15, 15, 15, 15, 0, 0, 0, 0, 15, 15, 15, 15, 0, 0, 0, 0, 15, 15, 15, 15, 0, 0, 0, 0, 15, 15, 15, 15, 0, 0, 0, 0, 15, 15, 15, 15, 0, 0, 0, 0, 15, 15, 15, 15, 0, 0, 0, 0, 15, 15, 15, 15, 
8, 9, 10, 10, 11, 12, 12, 13, 13, 14, 14, 14, 15, 15, 15, 15, 15, 15, 15, 14, 14, 14, 13, 13, 12, 12, 11, 10, 10, 9, 8, 8, 7, 6, 5, 5, 4, 3, 3, 2, 2, 1, 1, 1, 0, 0, 0, 0, 0, 0, 0, 1, 1, 1, 2, 2, 3, 3, 4, 5, 5, 6, 7, 7, 
9, 10, 12, 13, 14, 14, 15, 15, 15, 14, 14, 13, 12, 10, 9, 8, 6, 5, 3, 2, 1, 1, 0, 0, 0, 1, 1, 2, 3, 5, 6, 7, 9, 10, 12, 13, 14, 14, 15, 15, 15, 14, 14, 13, 12, 10, 9, 8, 6, 5, 3, 2, 1, 1, 0, 0, 0, 1, 1, 2, 3, 5, 6, 7, 
10, 13, 14, 15, 14, 13, 10, 8, 5, 2, 1, 0, 1, 2, 5, 7, 10, 13, 14, 15, 14, 13, 10, 8, 5, 2, 1, 0, 1, 2, 5, 7, 10, 13, 14, 15, 14, 13, 10, 8, 5, 2, 1, 0, 1, 2, 5, 7, 10, 13, 14, 15, 14, 13, 10, 8, 5, 2, 1, 0, 1, 2, 5, 7, 
13, 15, 13, 8, 2, 0, 2, 7, 13, 15, 13, 8, 2, 0, 2, 7, 13, 15, 13, 8, 2, 0, 2, 7, 13, 15, 13, 8, 2, 0, 2, 7, 13, 15, 13, 8, 2, 0, 2, 7, 13, 15, 13, 8, 2, 0, 2, 7, 13, 15, 13, 8, 2, 0, 2, 7, 13, 15, 13, 8, 2, 0, 2, 7, 
15, 8, 0, 7, 15, 8, 0, 7, 15, 8, 0, 7, 15, 8, 0, 7, 15, 8, 0, 7, 15, 8, 0, 7, 15, 8, 0, 7, 15, 8, 0, 7, 15, 8, 0, 7, 15, 8, 0, 7, 15, 7, 0, 7, 15, 8, 0, 7, 15, 7, 0, 7, 15, 8, 0, 7, 15, 8, 0, 7, 15, 8, 0, 7, 
0, 0, 0, 0, 0, 0, 0, 0, 0, 0, 0, 0, 0, 0, 0, 0, 0, 0, 0, 0, 0, 0, 0, 0, 0, 0, 0, 0, 1, 3, 7, 13, 15, 13, 8, 3, 1, 0, 0, 0, 0, 0, 0, 0, 0, 0, 0, 0, 0, 0, 0, 0, 0, 0, 0, 0, 0, 0, 0, 0, 0, 0, 0, 0, 
15, 15, 15, 15, 15, 15, 15, 15, 15, 15, 15, 15, 15, 15, 15, 15, 15, 15, 15, 15, 15, 15, 15, 15, 15, 15, 15, 15, 14, 12, 8, 2, 0, 2, 7, 12, 14, 15, 15, 15, 15, 15, 15, 15, 15, 15, 15, 15, 15, 15, 15, 15, 15, 15, 15, 15, 15, 15, 15, 15, 15, 15, 15, 15, 
0, 0, 0, 0, 0, 0, 0, 0, 0, 0, 0, 0, 0, 0, 0, 0, 0, 0, 0, 0, 0, 0, 0, 0, 1, 2, 3, 5, 8, 10, 13, 14, 15, 14, 13, 10, 8, 5, 3, 2, 1, 0, 0, 0, 0, 0, 0, 0, 0, 0, 0, 0, 0, 0, 0, 0, 0, 0, 0, 0, 0, 0, 0, 0, 
15, 15, 15, 15, 15, 15, 15, 15, 15, 15, 15, 15, 15, 15, 15, 15, 15, 15, 15, 15, 15, 15, 15, 15, 14, 13, 12, 10, 7, 5, 2, 1, 0, 1, 2, 5, 7, 10, 12, 13, 14, 15, 15, 15, 15, 15, 15, 15, 15, 15, 15, 15, 15, 15, 15, 15, 15, 15, 15, 15, 15, 15, 15, 15, 
0, 0, 0, 0, 0, 0, 0, 0, 0, 0, 0, 0, 0, 0, 0, 1, 1, 1, 2, 2, 3, 4, 5, 6, 8, 9, 10, 11, 13, 14, 14, 15, 15, 15, 14, 14, 13, 11, 10, 9, 8, 6, 5, 4, 3, 2, 2, 1, 1, 1, 0, 0, 0, 0, 0, 0, 0, 0, 0, 0, 0, 0, 0, 0, 
15, 15, 15, 15, 15, 15, 15, 15, 15, 15, 15, 15, 15, 15, 15, 14, 14, 14, 13, 13, 12, 11, 10, 9, 7, 6, 5, 4, 2, 1, 1, 0, 0, 0, 1, 1, 2, 4, 5, 6, 7, 9, 10, 11, 12, 13, 13, 14, 14, 14, 15, 15, 15, 15, 15, 15, 15, 15, 15, 15, 15, 15, 15, 15, 
1, 1, 1, 2, 2, 2, 2, 3, 3, 4, 4, 5, 5, 6, 6, 7, 8, 8, 9, 9, 10, 11, 11, 12, 13, 13, 14, 14, 14, 15, 15, 15, 15, 15, 15, 15, 14, 14, 14, 13, 13, 12, 11, 11, 10, 9, 9, 8, 8, 7, 6, 6, 5, 5, 4, 4, 3, 3, 2, 2, 2, 2, 1, 1, 
14, 14, 14, 13, 13, 13, 13, 12, 12, 11, 11, 10, 10, 9, 9, 8, 7, 7, 6, 6, 5, 4, 4, 3, 2, 2, 1, 1, 1, 0, 0, 0, 0, 0, 0, 0, 1, 1, 1, 2, 2, 3, 4, 4, 5, 6, 6, 7, 7, 8, 9, 9, 10, 10, 11, 11, 12, 12, 13, 13, 13, 13, 14, 14, 
0, 0, 15, 15, 0, 0, 15, 15, 0, 0, 15, 15, 0, 0, 15, 15, 0, 0, 15, 15, 0, 0, 15, 15, 0, 0, 15, 15, 0, 0, 15, 15, 0, 0, 15, 15, 0, 0, 15, 15, 0, 0, 15, 15, 0, 0, 15, 15, 0, 0, 15, 15, 0, 0, 15, 15, 0, 0, 15, 15, 0, 0, 15, 15, 
5, 0, 10, 15, 5, 0, 10, 15, 5, 0, 10, 15, 5, 0, 10, 15, 5, 0, 10, 15, 5, 0, 10, 15, 5, 0, 10, 15, 5, 0, 10, 15, 5, 0, 10, 15, 5, 0, 10, 15, 5, 0, 10, 15, 5, 0, 10, 15, 5, 0, 10, 15, 5, 0, 10, 15, 5, 0, 10, 15, 5, 0, 10, 15, 
10, 0, 5, 15, 10, 0, 5, 15, 10, 0, 5, 15, 10, 0, 5, 15, 10, 0, 5, 15, 10, 0, 5, 15, 10, 0, 5, 15, 10, 0, 5, 15, 10, 0, 5, 15, 10, 0, 5, 15, 10, 0, 5, 15, 10, 0, 5, 15, 10, 0, 5, 15, 10, 0, 5, 15, 10, 0, 5, 15, 10, 0, 5, 15, 
15, 0, 0, 15, 15, 0, 0, 15, 15, 0, 0, 15, 15, 0, 0, 15, 15, 0, 0, 15, 15, 0, 0, 15, 15, 0, 0, 15, 15, 0, 0, 15, 15, 0, 0, 15, 15, 0, 0, 15, 15, 0, 0, 15, 15, 0, 0, 15, 15, 0, 0, 15, 15, 0, 0, 15, 15, 0, 0, 15, 15, 0, 0, 15, 
15, 5, 0, 10, 15, 5, 0, 10, 15, 5, 0, 10, 15, 5, 0, 10, 15, 5, 0, 10, 15, 5, 0, 10, 15, 5, 0, 10, 15, 5, 0, 10, 15, 5, 0, 10, 15, 5, 0, 10, 15, 5, 0, 10, 15, 5, 0, 10, 15, 5, 0, 10, 15, 5, 0, 10, 15, 5, 0, 10, 15, 5, 0, 10, 
15, 10, 0, 5, 15, 10, 0, 5, 15, 10, 0, 5, 15, 10, 0, 5, 15, 10, 0, 5, 15, 10, 0, 5, 15, 10, 0, 5, 15, 10, 0, 5, 15, 10, 0, 5, 15, 10, 0, 5, 15, 10, 0, 5, 15, 10, 0, 5, 15, 10, 0, 5, 15, 10, 0, 5, 15, 10, 0, 5, 15, 10, 0, 5, 
15, 15, 0, 0, 15, 15, 0, 0, 15, 15, 0, 0, 15, 15, 0, 0, 15, 15, 0, 0, 15, 15, 0, 0, 15, 15, 0, 0, 15, 15, 0, 0, 15, 15, 0, 0, 15, 15, 0, 0, 15, 15, 0, 0, 15, 15, 0, 0, 15, 15, 0, 0, 15, 15, 0, 0, 15, 15, 0, 0, 15, 15, 0, 0, 
10, 15, 5, 0, 10, 15, 5, 0, 10, 15, 5, 0, 10, 15, 5, 0, 10, 15, 5, 0, 10, 15, 5, 0, 10, 15, 5, 0, 10, 15, 5, 0, 10, 15, 5, 0, 10, 15, 5, 0, 10, 15, 5, 0, 10, 15, 5, 0, 10, 15, 5, 0, 10, 15, 5, 0, 10, 15, 5, 0, 10, 15, 5, 0, 
5, 15, 10, 0, 5, 15, 10, 0, 5, 15, 10, 0, 5, 15, 10, 0, 5, 15, 10, 0, 5, 15, 10, 0, 5, 15, 10, 0, 5, 15, 10, 0, 5, 15, 10, 0, 5, 15, 10, 0, 5, 15, 10, 0, 5, 15, 10, 0, 5, 15, 10, 0, 5, 15, 10, 0, 5, 15, 10, 0, 5, 15, 10, 0, 
0, 15, 15, 0, 0, 15, 15, 0, 0, 15, 15, 0, 0, 15, 15, 0, 0, 15, 15, 0, 0, 15, 15, 0, 0, 15, 15, 0, 0, 15, 15, 0, 0, 15, 15, 0, 0, 15, 15, 0, 0, 15, 15, 0, 0, 15, 15, 0, 0, 15, 15, 0, 0, 15, 15, 0, 0, 15, 15, 0, 0, 15, 15, 0, 
0, 10, 15, 5, 0, 10, 15, 5, 0, 10, 15, 5, 0, 10, 15, 5, 0, 10, 15, 5, 0, 10, 15, 5, 0, 10, 15, 5, 0, 10, 15, 5, 0, 10, 15, 5, 0, 10, 15, 5, 0, 10, 15, 5, 0, 10, 15, 5, 0, 10, 15, 5, 0, 10, 15, 5, 0, 10, 15, 5, 0, 10, 15, 5, 
0, 5, 15, 10, 0, 5, 15, 10, 0, 5, 15, 10, 0, 5, 15, 10, 0, 5, 15, 10, 0, 5, 15, 10, 0, 5, 15, 10, 0, 5, 15, 10, 0, 5, 15, 10, 0, 5, 15, 10, 0, 5, 15, 10, 0, 5, 15, 10, 0, 5, 15, 10, 0, 5, 15, 10, 0, 5, 15, 10, 0, 5, 15, 10, 
0, 0, 15, 15, 0, 0, 15, 15, 0, 0, 15, 15, 0, 0, 15, 15, 0, 0, 15, 15, 0, 0, 15, 15, 0, 0, 15, 15, 0, 0, 15, 15, 0, 0, 15, 15, 0, 0, 15, 15, 0, 0, 15, 15, 0, 0, 15, 15, 0, 0, 15, 15, 0, 0, 15, 15, 0, 0, 15, 15, 0, 0, 15, 15, 
3, 0, 12, 15, 3, 0, 12, 15, 3, 0, 12, 15, 3, 0, 12, 15, 3, 0, 12, 15, 3, 0, 12, 15, 3, 0, 12, 15, 3, 0, 12, 15, 3, 0, 12, 15, 3, 0, 12, 15, 3, 0, 12, 15, 3, 0, 12, 15, 3, 0, 12, 15, 3, 0, 12, 15, 3, 0, 12, 15, 3, 0, 12, 15, 
6, 0, 9, 15, 6, 0, 9, 15, 6, 0, 9, 15, 6, 0, 9, 15, 6, 0, 9, 15, 6, 0, 9, 15, 6, 0, 9, 15, 6, 0, 9, 15, 6, 0, 9, 15, 6, 0, 9, 15, 6, 0, 9, 15, 6, 0, 9, 15, 6, 0, 9, 15, 6, 0, 9, 15, 6, 0, 9, 15, 6, 0, 9, 15, 
9, 0, 6, 15, 9, 0, 6, 15, 9, 0, 6, 15, 9, 0, 6, 15, 9, 0, 6, 15, 9, 0, 6, 15, 9, 0, 6, 15, 9, 0, 6, 15, 9, 0, 6, 15, 9, 0, 6, 15, 9, 0, 6, 15, 9, 0, 6, 15, 9, 0, 6, 15, 9, 0, 6, 15, 9, 0, 6, 15, 9, 0, 6, 15, 
12, 0, 3, 15, 12, 0, 3, 15, 12, 0, 3, 15, 12, 0, 3, 15, 12, 0, 3, 15, 12, 0, 3, 15, 12, 0, 3, 15, 12, 0, 3, 15, 12, 0, 3, 15, 12, 0, 3, 15, 12, 0, 3, 15, 12, 0, 3, 15, 12, 0, 3, 15, 12, 0, 3, 15, 12, 0, 3, 15, 12, 0, 3, 15, 
15, 0, 0, 15, 15, 0, 0, 15, 15, 0, 0, 15, 15, 0, 0, 15, 15, 0, 0, 15, 15, 0, 0, 15, 15, 0, 0, 15, 15, 0, 0, 15, 15, 0, 0, 15, 15, 0, 0, 15, 15, 0, 0, 15, 15, 0, 0, 15, 15, 0, 0, 15, 15, 0, 0, 15, 15, 0, 0, 15, 15, 0, 0, 15, 
15, 3, 0, 12, 15, 3, 0, 12, 15, 3, 0, 12, 15, 3, 0, 12, 15, 3, 0, 12, 15, 3, 0, 12, 15, 3, 0, 12, 15, 3, 0, 12, 15, 3, 0, 12, 15, 3, 0, 12, 15, 3, 0, 12, 15, 3, 0, 12, 15, 3, 0, 12, 15, 3, 0, 12, 15, 3, 0, 12, 15, 3, 0, 12, 
15, 6, 0, 9, 15, 6, 0, 9, 15, 6, 0, 9, 15, 6, 0, 9, 15, 6, 0, 9, 15, 6, 0, 9, 15, 6, 0, 9, 15, 6, 0, 9, 15, 6, 0, 9, 15, 6, 0, 9, 15, 6, 0, 9, 15, 6, 0, 9, 15, 6, 0, 9, 15, 6, 0, 9, 15, 6, 0, 9, 15, 6, 0, 9, 
15, 9, 0, 6, 15, 9, 0, 6, 15, 9, 0, 6, 15, 9, 0, 6, 15, 9, 0, 6, 15, 9, 0, 6, 15, 9, 0, 6, 15, 9, 0, 6, 15, 9, 0, 6, 15, 9, 0, 6, 15, 9, 0, 6, 15, 9, 0, 6, 15, 9, 0, 6, 15, 9, 0, 6, 15, 9, 0, 6, 15, 9, 0, 6, 
15, 12, 0, 3, 15, 12, 0, 3, 15, 12, 0, 3, 15, 12, 0, 3, 15, 12, 0, 3, 15, 12, 0, 3, 15, 12, 0, 3, 15, 12, 0, 3, 15, 12, 0, 3, 15, 12, 0, 3, 15, 12, 0, 3, 15, 12, 0, 3, 15, 12, 0, 3, 15, 12, 0, 3, 15, 12, 0, 3, 15, 12, 0, 3, 
15, 15, 0, 0, 15, 15, 0, 0, 15, 15, 0, 0, 15, 15, 0, 0, 15, 15, 0, 0, 15, 15, 0, 0, 15, 15, 0, 0, 15, 15, 0, 0, 15, 15, 0, 0, 15, 15, 0, 0, 15, 15, 0, 0, 15, 15, 0, 0, 15, 15, 0, 0, 15, 15, 0, 0, 15, 15, 0, 0, 15, 15, 0, 0, 
12, 15, 3, 0, 12, 15, 3, 0, 12, 15, 3, 0, 12, 15, 3, 0, 12, 15, 3, 0, 12, 15, 3, 0, 12, 15, 3, 0, 12, 15, 3, 0, 12, 15, 3, 0, 12, 15, 3, 0, 12, 15, 3, 0, 12, 15, 3, 0, 12, 15, 3, 0, 12, 15, 3, 0, 12, 15, 3, 0, 12, 15, 3, 0, 
9, 15, 6, 0, 9, 15, 6, 0, 9, 15, 6, 0, 9, 15, 6, 0, 9, 15, 6, 0, 9, 15, 6, 0, 9, 15, 6, 0, 9, 15, 6, 0, 9, 15, 6, 0, 9, 15, 6, 0, 9, 15, 6, 0, 9, 15, 6, 0, 9, 15, 6, 0, 9, 15, 6, 0, 9, 15, 6, 0, 9, 15, 6, 0, 
6, 15, 9, 0, 6, 15, 9, 0, 6, 15, 9, 0, 6, 15, 9, 0, 6, 15, 9, 0, 6, 15, 9, 0, 6, 15, 9, 0, 6, 15, 9, 0, 6, 15, 9, 0, 6, 15, 9, 0, 6, 15, 9, 0, 6, 15, 9, 0, 6, 15, 9, 0, 6, 15, 9, 0, 6, 15, 9, 0, 6, 15, 9, 0, 
3, 15, 12, 0, 3, 15, 12, 0, 3, 15, 12, 0, 3, 15, 12, 0, 3, 15, 12, 0, 3, 15, 12, 0, 3, 15, 12, 0, 3, 15, 12, 0, 3, 15, 12, 0, 3, 15, 12, 0, 3, 15, 12, 0, 3, 15, 12, 0, 3, 15, 12, 0, 3, 15, 12, 0, 3, 15, 12, 0, 3, 15, 12, 0, 
0, 15, 15, 0, 0, 15, 15, 0, 0, 15, 15, 0, 0, 15, 15, 0, 0, 15, 15, 0, 0, 15, 15, 0, 0, 15, 15, 0, 0, 15, 15, 0, 0, 15, 15, 0, 0, 15, 15, 0, 0, 15, 15, 0, 0, 15, 15, 0, 0, 15, 15, 0, 0, 15, 15, 0, 0, 15, 15, 0, 0, 15, 15, 0, 
0, 12, 15, 3, 0, 12, 15, 3, 0, 12, 15, 3, 0, 12, 15, 3, 0, 12, 15, 3, 0, 12, 15, 3, 0, 12, 15, 3, 0, 12, 15, 3, 0, 12, 15, 3, 0, 12, 15, 3, 0, 12, 15, 3, 0, 12, 15, 3, 0, 12, 15, 3, 0, 12, 15, 3, 0, 12, 15, 3, 0, 12, 15, 3, 
0, 9, 15, 6, 0, 9, 15, 6, 0, 9, 15, 6, 0, 9, 15, 6, 0, 9, 15, 6, 0, 9, 15, 6, 0, 9, 15, 6, 0, 9, 15, 6, 0, 9, 15, 6, 0, 9, 15, 6, 0, 9, 15, 6, 0, 9, 15, 6, 0, 9, 15, 6, 0, 9, 15, 6, 0, 9, 15, 6, 0, 9, 15, 6, 
0, 6, 15, 9, 0, 6, 15, 9, 0, 6, 15, 9, 0, 6, 15, 9, 0, 6, 15, 9, 0, 6, 15, 9, 0, 6, 15, 9, 0, 6, 15, 9, 0, 6, 15, 9, 0, 6, 15, 9, 0, 6, 15, 9, 0, 6, 15, 9, 0, 6, 15, 9, 0, 6, 15, 9, 0, 6, 15, 9, 0, 6, 15, 9, 
0, 3, 15, 12, 0, 3, 15, 12, 0, 3, 15, 12, 0, 3, 15, 12, 0, 3, 15, 12, 0, 3, 15, 12, 0, 3, 15, 12, 0, 3, 15, 12, 0, 3, 15, 12, 0, 3, 15, 12, 0, 3, 15, 12, 0, 3, 15, 12, 0, 3, 15, 12, 0, 3, 15, 12, 0, 3, 15, 12, 0, 3, 15, 12, 
0, 0, 0, 0, 15, 15, 15, 15, 0, 0, 0, 0, 15, 15, 15, 15, 0, 0, 0, 0, 15, 15, 15, 15, 0, 0, 0, 0, 15, 15, 15, 15, 0, 0, 0, 0, 15, 15, 15, 15, 0, 0, 0, 0, 15, 15, 15, 15, 0, 0, 0, 0, 15, 15, 15, 15, 0, 0, 0, 0, 15, 15, 15, 15, 
5, 0, 0, 0, 10, 15, 15, 15, 5, 0, 0, 0, 10, 15, 15, 15, 5, 0, 0, 0, 10, 15, 15, 15, 5, 0, 0, 0, 10, 15, 15, 15, 5, 0, 0, 0, 10, 15, 15, 15, 5, 0, 0, 0, 10, 15, 15, 15, 5, 0, 0, 0, 10, 15, 15, 15, 5, 0, 0, 0, 10, 15, 15, 15, 
10, 0, 0, 0, 5, 15, 15, 15, 10, 0, 0, 0, 5, 15, 15, 15, 10, 0, 0, 0, 5, 15, 15, 15, 10, 0, 0, 0, 5, 15, 15, 15, 10, 0, 0, 0, 5, 15, 15, 15, 10, 0, 0, 0, 5, 15, 15, 15, 10, 0, 0, 0, 5, 15, 15, 15, 10, 0, 0, 0, 5, 15, 15, 15, 
15, 0, 0, 0, 0, 15, 15, 15, 15, 0, 0, 0, 0, 15, 15, 15, 15, 0, 0, 0, 0, 15, 15, 15, 15, 0, 0, 0, 0, 15, 15, 15, 15, 0, 0, 0, 0, 15, 15, 15, 15, 0, 0, 0, 0, 15, 15, 15, 15, 0, 0, 0, 0, 15, 15, 15, 15, 0, 0, 0, 0, 15, 15, 15, 
15, 5, 0, 0, 0, 10, 15, 15, 15, 5, 0, 0, 0, 10, 15, 15, 15, 5, 0, 0, 0, 10, 15, 15, 15, 5, 0, 0, 0, 10, 15, 15, 15, 5, 0, 0, 0, 10, 15, 15, 15, 5, 0, 0, 0, 10, 15, 15, 15, 5, 0, 0, 0, 10, 15, 15, 15, 5, 0, 0, 0, 10, 15, 15, 
15, 10, 0, 0, 0, 5, 15, 15, 15, 10, 0, 0, 0, 5, 15, 15, 15, 10, 0, 0, 0, 5, 15, 15, 15, 10, 0, 0, 0, 5, 15, 15, 15, 10, 0, 0, 0, 5, 15, 15, 15, 10, 0, 0, 0, 5, 15, 15, 15, 10, 0, 0, 0, 5, 15, 15, 15, 10, 0, 0, 0, 5, 15, 15, 
15, 15, 0, 0, 0, 0, 15, 15, 15, 15, 0, 0, 0, 0, 15, 15, 15, 15, 0, 0, 0, 0, 15, 15, 15, 15, 0, 0, 0, 0, 15, 15, 15, 15, 0, 0, 0, 0, 15, 15, 15, 15, 0, 0, 0, 0, 15, 15, 15, 15, 0, 0, 0, 0, 15, 15, 15, 15, 0, 0, 0, 0, 15, 15, 
15, 15, 5, 0, 0, 0, 10, 15, 15, 15, 5, 0, 0, 0, 10, 15, 15, 15, 5, 0, 0, 0, 10, 15, 15, 15, 5, 0, 0, 0, 10, 15, 15, 15, 5, 0, 0, 0, 10, 15, 15, 15, 5, 0, 0, 0, 10, 15, 15, 15, 5, 0, 0, 0, 10, 15, 15, 15, 5, 0, 0, 0, 10, 15, 
15, 15, 10, 0, 0, 0, 5, 15, 15, 15, 10, 0, 0, 0, 5, 15, 15, 15, 10, 0, 0, 0, 5, 15, 15, 15, 10, 0, 0, 0, 5, 15, 15, 15, 10, 0, 0, 0, 5, 15, 15, 15, 10, 0, 0, 0, 5, 15, 15, 15, 10, 0, 0, 0, 5, 15, 15, 15, 10, 0, 0, 0, 5, 15, 
15, 15, 15, 0, 0, 0, 0, 15, 15, 15, 15, 0, 0, 0, 0, 15, 15, 15, 15, 0, 0, 0, 0, 15, 15, 15, 15, 0, 0, 0, 0, 15, 15, 15, 15, 0, 0, 0, 0, 15, 15, 15, 15, 0, 0, 0, 0, 15, 15, 15, 15, 0, 0, 0, 0, 15, 15, 15, 15, 0, 0, 0, 0, 15, 
15, 15, 15, 5, 0, 0, 0, 10, 15, 15, 15, 5, 0, 0, 0, 10, 15, 15, 15, 5, 0, 0, 0, 10, 15, 15, 15, 5, 0, 0, 0, 10, 15, 15, 15, 5, 0, 0, 0, 10, 15, 15, 15, 5, 0, 0, 0, 10, 15, 15, 15, 5, 0, 0, 0, 10, 15, 15, 15, 5, 0, 0, 0, 10, 
15, 15, 15, 10, 0, 0, 0, 5, 15, 15, 15, 10, 0, 0, 0, 5, 15, 15, 15, 10, 0, 0, 0, 5, 15, 15, 15, 10, 0, 0, 0, 5, 15, 15, 15, 10, 0, 0, 0, 5, 15, 15, 15, 10, 0, 0, 0, 5, 15, 15, 15, 10, 0, 0, 0, 5, 15, 15, 15, 10, 0, 0, 0, 5, 
15, 15, 15, 15, 0, 0, 0, 0, 15, 15, 15, 15, 0, 0, 0, 0, 15, 15, 15, 15, 0, 0, 0, 0, 15, 15, 15, 15, 0, 0, 0, 0, 15, 15, 15, 15, 0, 0, 0, 0, 15, 15, 15, 15, 0, 0, 0, 0, 15, 15, 15, 15, 0, 0, 0, 0, 15, 15, 15, 15, 0, 0, 0, 0, 
10, 15, 15, 15, 5, 0, 0, 0, 10, 15, 15, 15, 5, 0, 0, 0, 10, 15, 15, 15, 5, 0, 0, 0, 10, 15, 15, 15, 5, 0, 0, 0, 10, 15, 15, 15, 5, 0, 0, 0, 10, 15, 15, 15, 5, 0, 0, 0, 10, 15, 15, 15, 5, 0, 0, 0, 10, 15, 15, 15, 5, 0, 0, 0, 
5, 15, 15, 15, 10, 0, 0, 0, 5, 15, 15, 15, 10, 0, 0, 0, 5, 15, 15, 15, 10, 0, 0, 0, 5, 15, 15, 15, 10, 0, 0, 0, 5, 15, 15, 15, 10, 0, 0, 0, 5, 15, 15, 15, 10, 0, 0, 0, 5, 15, 15, 15, 10, 0, 0, 0, 5, 15, 15, 15, 10, 0, 0, 0, 
0, 15, 15, 15, 15, 0, 0, 0, 0, 15, 15, 15, 15, 0, 0, 0, 0, 15, 15, 15, 15, 0, 0, 0, 0, 15, 15, 15, 15, 0, 0, 0, 0, 15, 15, 15, 15, 0, 0, 0, 0, 15, 15, 15, 15, 0, 0, 0, 0, 15, 15, 15, 15, 0, 0, 0, 0, 15, 15, 15, 15, 0, 0, 0, 
0, 10, 15, 15, 15, 5, 0, 0, 0, 10, 15, 15, 15, 5, 0, 0, 0, 10, 15, 15, 15, 5, 0, 0, 0, 10, 15, 15, 15, 5, 0, 0, 0, 10, 15, 15, 15, 5, 0, 0, 0, 10, 15, 15, 15, 5, 0, 0, 0, 10, 15, 15, 15, 5, 0, 0, 0, 10, 15, 15, 15, 5, 0, 0, 
0, 5, 15, 15, 15, 10, 0, 0, 0, 5, 15, 15, 15, 10, 0, 0, 0, 5, 15, 15, 15, 10, 0, 0, 0, 5, 15, 15, 15, 10, 0, 0, 0, 5, 15, 15, 15, 10, 0, 0, 0, 5, 15, 15, 15, 10, 0, 0, 0, 5, 15, 15, 15, 10, 0, 0, 0, 5, 15, 15, 15, 10, 0, 0, 
0, 0, 15, 15, 15, 15, 0, 0, 0, 0, 15, 15, 15, 15, 0, 0, 0, 0, 15, 15, 15, 15, 0, 0, 0, 0, 15, 15, 15, 15, 0, 0, 0, 0, 15, 15, 15, 15, 0, 0, 0, 0, 15, 15, 15, 15, 0, 0, 0, 0, 15, 15, 15, 15, 0, 0, 0, 0, 15, 15, 15, 15, 0, 0, 
0, 0, 10, 15, 15, 15, 5, 0, 0, 0, 10, 15, 15, 15, 5, 0, 0, 0, 10, 15, 15, 15, 5, 0, 0, 0, 10, 15, 15, 15, 5, 0, 0, 0, 10, 15, 15, 15, 5, 0, 0, 0, 10, 15, 15, 15, 5, 0, 0, 0, 10, 15, 15, 15, 5, 0, 0, 0, 10, 15, 15, 15, 5, 0, 
0, 0, 5, 15, 15, 15, 10, 0, 0, 0, 5, 15, 15, 15, 10, 0, 0, 0, 5, 15, 15, 15, 10, 0, 0, 0, 5, 15, 15, 15, 10, 0, 0, 0, 5, 15, 15, 15, 10, 0, 0, 0, 5, 15, 15, 15, 10, 0, 0, 0, 5, 15, 15, 15, 10, 0, 0, 0, 5, 15, 15, 15, 10, 0, 
0, 0, 0, 15, 15, 15, 15, 0, 0, 0, 0, 15, 15, 15, 15, 0, 0, 0, 0, 15, 15, 15, 15, 0, 0, 0, 0, 15, 15, 15, 15, 0, 0, 0, 0, 15, 15, 15, 15, 0, 0, 0, 0, 15, 15, 15, 15, 0, 0, 0, 0, 15, 15, 15, 15, 0, 0, 0, 0, 15, 15, 15, 15, 0, 
0, 0, 0, 10, 15, 15, 15, 5, 0, 0, 0, 10, 15, 15, 15, 5, 0, 0, 0, 10, 15, 15, 15, 5, 0, 0, 0, 10, 15, 15, 15, 5, 0, 0, 0, 10, 15, 15, 15, 5, 0, 0, 0, 10, 15, 15, 15, 5, 0, 0, 0, 10, 15, 15, 15, 5, 0, 0, 0, 10, 15, 15, 15, 5, 
0, 0, 0, 5, 15, 15, 15, 10, 0, 0, 0, 5, 15, 15, 15, 10, 0, 0, 0, 5, 15, 15, 15, 10, 0, 0, 0, 5, 15, 15, 15, 10, 0, 0, 0, 5, 15, 15, 15, 10, 0, 0, 0, 5, 15, 15, 15, 10, 0, 0, 0, 5, 15, 15, 15, 10, 0, 0, 0, 5, 15, 15, 15, 10, 
0, 15, 15, 0, 0, 15, 15, 0, 0, 15, 15, 0, 0, 15, 15, 0, 0, 15, 15, 0, 0, 15, 15, 0, 0, 15, 15, 0, 0, 15, 15, 0, 0, 15, 15, 0, 0, 15, 15, 0, 0, 15, 15, 0, 0, 15, 15, 0, 0, 15, 15, 0, 0, 15, 15, 0, 0, 15, 15, 0, 0, 15, 15, 0, 
15, 15, 0, 0, 15, 15, 0, 0, 15, 15, 0, 0, 15, 15, 0, 0, 15, 15, 0, 0, 15, 15, 0, 0, 15, 15, 0, 0, 15, 15, 0, 0, 0, 0, 15, 15, 0, 0, 15, 15, 0, 0, 15, 15, 0, 0, 15, 15, 0, 0, 15, 15, 0, 0, 15, 15, 0, 0, 15, 15, 0, 0, 15, 15, 
15, 0, 0, 15, 15, 0, 0, 15, 15, 0, 0, 15, 15, 0, 0, 15, 15, 0, 0, 15, 15, 0, 0, 15, 15, 0, 0, 15, 15, 0, 0, 15, 15, 0, 0, 15, 15, 0, 0, 15, 15, 0, 0, 15, 15, 0, 0, 15, 15, 0, 0, 15, 15, 0, 0, 15, 15, 0, 0, 15, 15, 0, 0, 15, 
0, 0, 15, 15, 0, 0, 15, 15, 0, 0, 15, 15, 0, 0, 15, 15, 0, 0, 15, 15, 0, 0, 15, 15, 0, 0, 15, 15, 0, 0, 15, 15, 15, 15, 0, 0, 15, 15, 0, 0, 15, 15, 0, 0, 15, 15, 0, 0, 15, 15, 0, 0, 15, 15, 0, 0, 15, 15, 0, 0, 15, 15, 0, 0, 
0, 0, 15, 15, 15, 15, 0, 0, 0, 0, 15, 15, 15, 15, 0, 0, 0, 0, 15, 15, 15, 15, 0, 0, 0, 0, 15, 15, 15, 15, 0, 0, 0, 0, 15, 15, 15, 15, 0, 0, 0, 0, 15, 15, 15, 15, 0, 0, 0, 0, 15, 15, 15, 15, 0, 0, 0, 0, 15, 15, 15, 15, 0, 0, 
0, 15, 15, 15, 15, 0, 0, 0, 0, 15, 15, 15, 15, 0, 0, 0, 0, 15, 15, 15, 15, 0, 0, 0, 0, 15, 15, 15, 15, 0, 0, 0, 0, 0, 0, 15, 15, 15, 15, 0, 0, 0, 0, 15, 15, 15, 15, 0, 0, 0, 0, 15, 15, 15, 15, 0, 0, 0, 0, 15, 15, 15, 15, 0, 
15, 15, 15, 15, 0, 0, 0, 0, 15, 15, 15, 15, 0, 0, 0, 0, 15, 15, 15, 15, 0, 0, 0, 0, 15, 15, 15, 15, 0, 0, 0, 0, 0, 0, 0, 0, 15, 15, 15, 15, 0, 0, 0, 0, 15, 15, 15, 15, 0, 0, 0, 0, 15, 15, 15, 15, 0, 0, 0, 0, 15, 15, 15, 15, 
15, 15, 15, 0, 0, 0, 0, 15, 15, 15, 15, 0, 0, 0, 0, 15, 15, 15, 15, 0, 0, 0, 0, 15, 15, 15, 15, 0, 0, 0, 0, 15, 15, 0, 0, 0, 0, 15, 15, 15, 15, 0, 0, 0, 0, 15, 15, 15, 15, 0, 0, 0, 0, 15, 15, 15, 15, 0, 0, 0, 0, 15, 15, 15, 
15, 15, 0, 0, 0, 0, 15, 15, 15, 15, 0, 0, 0, 0, 15, 15, 15, 15, 0, 0, 0, 0, 15, 15, 15, 15, 0, 0, 0, 0, 15, 15, 15, 15, 0, 0, 0, 0, 15, 15, 15, 15, 0, 0, 0, 0, 15, 15, 15, 15, 0, 0, 0, 0, 15, 15, 15, 15, 0, 0, 0, 0, 15, 15, 
15, 0, 0, 0, 0, 15, 15, 15, 15, 0, 0, 0, 0, 15, 15, 15, 15, 0, 0, 0, 0, 15, 15, 15, 15, 0, 0, 0, 0, 15, 15, 15, 15, 15, 15, 0, 0, 0, 0, 15, 15, 15, 15, 0, 0, 0, 0, 15, 15, 15, 15, 0, 0, 0, 0, 15, 15, 15, 15, 0, 0, 0, 0, 15, 
0, 0, 0, 0, 15, 15, 15, 15, 0, 0, 0, 0, 15, 15, 15, 15, 0, 0, 0, 0, 15, 15, 15, 15, 0, 0, 0, 0, 15, 15, 15, 15, 15, 15, 15, 15, 0, 0, 0, 0, 15, 15, 15, 15, 0, 0, 0, 0, 15, 15, 15, 15, 0, 0, 0, 0, 15, 15, 15, 15, 0, 0, 0, 0, 
0, 0, 0, 15, 15, 15, 15, 0, 0, 0, 0, 15, 15, 15, 15, 0, 0, 0, 0, 15, 15, 15, 15, 0, 0, 0, 0, 15, 15, 15, 15, 0, 0, 15, 15, 15, 15, 0, 0, 0, 0, 15, 15, 15, 15, 0, 0, 0, 0, 15, 15, 15, 15, 0, 0, 0, 0, 15, 15, 15, 15, 0, 0, 0, 
0, 15, 15, 0, 0, 15, 15, 0, 0, 15, 15, 0, 0, 15, 15, 0, 0, 15, 15, 0, 0, 15, 15, 0, 0, 15, 15, 0, 0, 15, 15, 0, 0, 15, 15, 0, 0, 15, 15, 0, 0, 15, 15, 0, 0, 15, 15, 0, 0, 15, 15, 0, 0, 15, 15, 0, 0, 15, 15, 0, 0, 15, 15, 0, 
5, 15, 10, 0, 5, 15, 10, 0, 5, 15, 10, 0, 5, 15, 10, 0, 5, 15, 10, 0, 5, 15, 10, 0, 5, 15, 10, 0, 5, 15, 10, 0, 0, 10, 15, 5, 0, 10, 15, 5, 0, 10, 15, 5, 0, 10, 15, 5, 0, 10, 15, 5, 0, 10, 15, 5, 0, 10, 15, 5, 0, 10, 15, 5, 
10, 15, 5, 0, 10, 15, 5, 0, 10, 15, 5, 0, 10, 15, 5, 0, 10, 15, 5, 0, 10, 15, 5, 0, 10, 15, 5, 0, 10, 15, 5, 0, 0, 5, 15, 10, 0, 5, 15, 10, 0, 5, 15, 10, 0, 5, 15, 10, 0, 5, 15, 10, 0, 5, 15, 10, 0, 5, 15, 10, 0, 5, 15, 10, 
15, 15, 0, 0, 15, 15, 0, 0, 15, 15, 0, 0, 15, 15, 0, 0, 15, 15, 0, 0, 15, 15, 0, 0, 15, 15, 0, 0, 15, 15, 0, 0, 0, 0, 15, 15, 0, 0, 15, 15, 0, 0, 15, 15, 0, 0, 15, 15, 0, 0, 15, 15, 0, 0, 15, 15, 0, 0, 15, 15, 0, 0, 15, 15, 
15, 10, 0, 5, 15, 10, 0, 5, 15, 10, 0, 5, 15, 10, 0, 5, 15, 10, 0, 5, 15, 10, 0, 5, 15, 10, 0, 5, 15, 10, 0, 5, 5, 0, 10, 15, 5, 0, 10, 15, 5, 0, 10, 15, 5, 0, 10, 15, 5, 0, 10, 15, 5, 0, 10, 15, 5, 0, 10, 15, 5, 0, 10, 15, 
15, 5, 0, 10, 15, 5, 0, 10, 15, 5, 0, 10, 15, 5, 0, 10, 15, 5, 0, 10, 15, 5, 0, 10, 15, 5, 0, 10, 15, 5, 0, 10, 10, 0, 5, 15, 10, 0, 5, 15, 10, 0, 5, 15, 10, 0, 5, 15, 10, 0, 5, 15, 10, 0, 5, 15, 10, 0, 5, 15, 10, 0, 5, 15, 
15, 0, 0, 15, 15, 0, 0, 15, 15, 0, 0, 15, 15, 0, 0, 15, 15, 0, 0, 15, 15, 0, 0, 15, 15, 0, 0, 15, 15, 0, 0, 15, 15, 0, 0, 15, 15, 0, 0, 15, 15, 0, 0, 15, 15, 0, 0, 15, 15, 0, 0, 15, 15, 0, 0, 15, 15, 0, 0, 15, 15, 0, 0, 15, 
10, 0, 5, 15, 10, 0, 5, 15, 10, 0, 5, 15, 10, 0, 5, 15, 10, 0, 5, 15, 10, 0, 5, 15, 10, 0, 5, 15, 10, 0, 5, 15, 15, 5, 0, 10, 15, 5, 0, 10, 15, 5, 0, 10, 15, 5, 0, 10, 15, 5, 0, 10, 15, 5, 0, 10, 15, 5, 0, 10, 15, 5, 0, 10, 
5, 0, 10, 15, 5, 0, 10, 15, 5, 0, 10, 15, 5, 0, 10, 15, 5, 0, 10, 15, 5, 0, 10, 15, 5, 0, 10, 15, 5, 0, 10, 15, 15, 10, 0, 5, 15, 10, 0, 5, 15, 10, 0, 5, 15, 10, 0, 5, 15, 10, 0, 5, 15, 10, 0, 5, 15, 10, 0, 5, 15, 10, 0, 5, 
0, 0, 15, 15, 0, 0, 15, 15, 0, 0, 15, 15, 0, 0, 15, 15, 0, 0, 15, 15, 0, 0, 15, 15, 0, 0, 15, 15, 0, 0, 15, 15, 15, 15, 0, 0, 15, 15, 0, 0, 15, 15, 0, 0, 15, 15, 0, 0, 15, 15, 0, 0, 15, 15, 0, 0, 15, 15, 0, 0, 15, 15, 0, 0, 
0, 5, 15, 10, 0, 5, 15, 10, 0, 5, 15, 10, 0, 5, 15, 10, 0, 5, 15, 10, 0, 5, 15, 10, 0, 5, 15, 10, 0, 5, 15, 10, 10, 15, 5, 0, 10, 15, 5, 0, 10, 15, 5, 0, 10, 15, 5, 0, 10, 15, 5, 0, 10, 15, 5, 0, 10, 15, 5, 0, 10, 15, 5, 0, 
0, 10, 15, 5, 0, 10, 15, 5, 0, 10, 15, 5, 0, 10, 15, 5, 0, 10, 15, 5, 0, 10, 15, 5, 0, 10, 15, 5, 0, 10, 15, 5, 5, 15, 10, 0, 5, 15, 10, 0, 5, 15, 10, 0, 5, 15, 10, 0, 5, 15, 10, 0, 5, 15, 10, 0, 5, 15, 10, 0, 5, 15, 10, 0, 
0, 15, 15, 0, 0, 15, 15, 0, 0, 15, 15, 0, 0, 15, 15, 0, 0, 15, 15, 0, 0, 15, 15, 0, 0, 15, 15, 0, 0, 15, 15, 0, 0, 15, 15, 0, 0, 15, 15, 0, 0, 15, 15, 0, 0, 15, 15, 0, 0, 15, 15, 0, 0, 15, 15, 0, 0, 15, 15, 0, 0, 15, 15, 0, 
3, 15, 12, 0, 3, 15, 12, 0, 3, 15, 12, 0, 3, 15, 12, 0, 3, 15, 12, 0, 3, 15, 12, 0, 3, 15, 12, 0, 3, 15, 12, 0, 0, 12, 15, 3, 0, 12, 15, 3, 0, 12, 15, 3, 0, 12, 15, 3, 0, 12, 15, 3, 0, 12, 15, 3, 0, 12, 15, 3, 0, 12, 15, 3, 
6, 15, 9, 0, 6, 15, 9, 0, 6, 15, 9, 0, 6, 15, 9, 0, 6, 15, 9, 0, 6, 15, 9, 0, 6, 15, 9, 0, 6, 15, 9, 0, 0, 9, 15, 6, 0, 9, 15, 6, 0, 9, 15, 6, 0, 9, 15, 6, 0, 9, 15, 6, 0, 9, 15, 6, 0, 9, 15, 6, 0, 9, 15, 6, 
9, 15, 6, 0, 9, 15, 6, 0, 9, 15, 6, 0, 9, 15, 6, 0, 9, 15, 6, 0, 9, 15, 6, 0, 9, 15, 6, 0, 9, 15, 6, 0, 0, 6, 15, 9, 0, 6, 15, 9, 0, 6, 15, 9, 0, 6, 15, 9, 0, 6, 15, 9, 0, 6, 15, 9, 0, 6, 15, 9, 0, 6, 15, 9, 
12, 15, 3, 0, 12, 15, 3, 0, 12, 15, 3, 0, 12, 15, 3, 0, 12, 15, 3, 0, 12, 15, 3, 0, 12, 15, 3, 0, 12, 15, 3, 0, 0, 3, 15, 12, 0, 3, 15, 12, 0, 3, 15, 12, 0, 3, 15, 12, 0, 3, 15, 12, 0, 3, 15, 12, 0, 3, 15, 12, 0, 3, 15, 12, 
15, 15, 0, 0, 15, 15, 0, 0, 15, 15, 0, 0, 15, 15, 0, 0, 15, 15, 0, 0, 15, 15, 0, 0, 15, 15, 0, 0, 15, 15, 0, 0, 0, 0, 15, 15, 0, 0, 15, 15, 0, 0, 15, 15, 0, 0, 15, 15, 0, 0, 15, 15, 0, 0, 15, 15, 0, 0, 15, 15, 0, 0, 15, 15, 
15, 12, 0, 3, 15, 12, 0, 3, 15, 12, 0, 3, 15, 12, 0, 3, 15, 12, 0, 3, 15, 12, 0, 3, 15, 12, 0, 3, 15, 12, 0, 3, 3, 0, 12, 15, 3, 0, 12, 15, 3, 0, 12, 15, 3, 0, 12, 15, 3, 0, 12, 15, 3, 0, 12, 15, 3, 0, 12, 15, 3, 0, 12, 15, 
15, 9, 0, 6, 15, 9, 0, 6, 15, 9, 0, 6, 15, 9, 0, 6, 15, 9, 0, 6, 15, 9, 0, 6, 15, 9, 0, 6, 15, 9, 0, 6, 6, 0, 9, 15, 6, 0, 9, 15, 6, 0, 9, 15, 6, 0, 9, 15, 6, 0, 9, 15, 6, 0, 9, 15, 6, 0, 9, 15, 6, 0, 9, 15, 
15, 6, 0, 9, 15, 6, 0, 9, 15, 6, 0, 9, 15, 6, 0, 9, 15, 6, 0, 9, 15, 6, 0, 9, 15, 6, 0, 9, 15, 6, 0, 9, 9, 0, 6, 15, 9, 0, 6, 15, 9, 0, 6, 15, 9, 0, 6, 15, 9, 0, 6, 15, 9, 0, 6, 15, 9, 0, 6, 15, 9, 0, 6, 15, 
15, 3, 0, 12, 15, 3, 0, 12, 15, 3, 0, 12, 15, 3, 0, 12, 15, 3, 0, 12, 15, 3, 0, 12, 15, 3, 0, 12, 15, 3, 0, 12, 12, 0, 3, 15, 12, 0, 3, 15, 12, 0, 3, 15, 12, 0, 3, 15, 12, 0, 3, 15, 12, 0, 3, 15, 12, 0, 3, 15, 12, 0, 3, 15, 
15, 0, 0, 15, 15, 0, 0, 15, 15, 0, 0, 15, 15, 0, 0, 15, 15, 0, 0, 15, 15, 0, 0, 15, 15, 0, 0, 15, 15, 0, 0, 15, 15, 0, 0, 15, 15, 0, 0, 15, 15, 0, 0, 15, 15, 0, 0, 15, 15, 0, 0, 15, 15, 0, 0, 15, 15, 0, 0, 15, 15, 0, 0, 15, 
12, 0, 3, 15, 12, 0, 3, 15, 12, 0, 3, 15, 12, 0, 3, 15, 12, 0, 3, 15, 12, 0, 3, 15, 12, 0, 3, 15, 12, 0, 3, 15, 15, 3, 0, 12, 15, 3, 0, 12, 15, 3, 0, 12, 15, 3, 0, 12, 15, 3, 0, 12, 15, 3, 0, 12, 15, 3, 0, 12, 15, 3, 0, 12, 
9, 0, 6, 15, 9, 0, 6, 15, 9, 0, 6, 15, 9, 0, 6, 15, 9, 0, 6, 15, 9, 0, 6, 15, 9, 0, 6, 15, 9, 0, 6, 15, 15, 6, 0, 9, 15, 6, 0, 9, 15, 6, 0, 9, 15, 6, 0, 9, 15, 6, 0, 9, 15, 6, 0, 9, 15, 6, 0, 9, 15, 6, 0, 9, 
6, 0, 9, 15, 6, 0, 9, 15, 6, 0, 9, 15, 6, 0, 9, 15, 6, 0, 9, 15, 6, 0, 9, 15, 6, 0, 9, 15, 6, 0, 9, 15, 15, 9, 0, 6, 15, 9, 0, 6, 15, 9, 0, 6, 15, 9, 0, 6, 15, 9, 0, 6, 15, 9, 0, 6, 15, 9, 0, 6, 15, 9, 0, 6, 
3, 0, 12, 15, 3, 0, 12, 15, 3, 0, 12, 15, 3, 0, 12, 15, 3, 0, 12, 15, 3, 0, 12, 15, 3, 0, 12, 15, 3, 0, 12, 15, 15, 12, 0, 3, 15, 12, 0, 3, 15, 12, 0, 3, 15, 12, 0, 3, 15, 12, 0, 3, 15, 12, 0, 3, 15, 12, 0, 3, 15, 12, 0, 3, 
0, 0, 15, 15, 0, 0, 15, 15, 0, 0, 15, 15, 0, 0, 15, 15, 0, 0, 15, 15, 0, 0, 15, 15, 0, 0, 15, 15, 0, 0, 15, 15, 15, 15, 0, 0, 15, 15, 0, 0, 15, 15, 0, 0, 15, 15, 0, 0, 15, 15, 0, 0, 15, 15, 0, 0, 15, 15, 0, 0, 15, 15, 0, 0, 
0, 3, 15, 12, 0, 3, 15, 12, 0, 3, 15, 12, 0, 3, 15, 12, 0, 3, 15, 12, 0, 3, 15, 12, 0, 3, 15, 12, 0, 3, 15, 12, 12, 15, 3, 0, 12, 15, 3, 0, 12, 15, 3, 0, 12, 15, 3, 0, 12, 15, 3, 0, 12, 15, 3, 0, 12, 15, 3, 0, 12, 15, 3, 0, 
0, 6, 15, 9, 0, 6, 15, 9, 0, 6, 15, 9, 0, 6, 15, 9, 0, 6, 15, 9, 0, 6, 15, 9, 0, 6, 15, 9, 0, 6, 15, 9, 9, 15, 6, 0, 9, 15, 6, 0, 9, 15, 6, 0, 9, 15, 6, 0, 9, 15, 6, 0, 9, 15, 6, 0, 9, 15, 6, 0, 9, 15, 6, 0, 
0, 9, 15, 6, 0, 9, 15, 6, 0, 9, 15, 6, 0, 9, 15, 6, 0, 9, 15, 6, 0, 9, 15, 6, 0, 9, 15, 6, 0, 9, 15, 6, 6, 15, 9, 0, 6, 15, 9, 0, 6, 15, 9, 0, 6, 15, 9, 0, 6, 15, 9, 0, 6, 15, 9, 0, 6, 15, 9, 0, 6, 15, 9, 0, 
0, 12, 15, 3, 0, 12, 15, 3, 0, 12, 15, 3, 0, 12, 15, 3, 0, 12, 15, 3, 0, 12, 15, 3, 0, 12, 15, 3, 0, 12, 15, 3, 3, 15, 12, 0, 3, 15, 12, 0, 3, 15, 12, 0, 3, 15, 12, 0, 3, 15, 12, 0, 3, 15, 12, 0, 3, 15, 12, 0, 3, 15, 12, 0, 
7, 7, 14, 14, 7, 7, 14, 14, 7, 7, 14, 14, 7, 7, 14, 14, 7, 7, 14, 14, 7, 7, 14, 14, 7, 7, 14, 14, 7, 7, 14, 14, 7, 7, 14, 14, 7, 7, 14, 14, 7, 7, 14, 14, 7, 7, 14, 14, 7, 7, 14, 14, 7, 7, 14, 14, 7, 7, 14, 14, 7, 7, 14, 14, 
0, 7, 7, 0, 0, 7, 7, 0, 0, 7, 7, 0, 0, 7, 7, 0, 0, 7, 7, 0, 0, 7, 7, 0, 0, 7, 7, 0, 0, 7, 7, 0, 0, 7, 7, 0, 0, 7, 7, 0, 0, 7, 7, 0, 0, 7, 7, 0, 0, 7, 7, 0, 0, 7, 7, 0, 0, 7, 7, 0, 0, 7, 7, 0, 
14, 14, 7, 7, 14, 14, 7, 7, 14, 14, 7, 7, 14, 14, 7, 7, 14, 14, 7, 7, 14, 14, 7, 7, 14, 14, 7, 7, 14, 14, 7, 7, 14, 14, 7, 7, 14, 14, 7, 7, 14, 14, 7, 7, 14, 14, 7, 7, 14, 14, 7, 7, 14, 14, 7, 7, 14, 14, 7, 7, 14, 14, 7, 7, 
7, 0, 0, 7, 7, 0, 0, 7, 7, 0, 0, 7, 7, 0, 0, 7, 7, 0, 0, 7, 7, 0, 0, 7, 7, 0, 0, 7, 7, 0, 0, 7, 7, 0, 0, 7, 7, 0, 0, 7, 7, 0, 0, 7, 7, 0, 0, 7, 7, 0, 0, 7, 7, 0, 0, 7, 7, 0, 0, 7, 7, 0, 0, 7, 
7, 7, 7, 7, 14, 14, 14, 14, 7, 7, 7, 7, 14, 14, 14, 14, 7, 7, 7, 7, 14, 14, 14, 14, 7, 7, 7, 7, 14, 14, 14, 14, 7, 7, 7, 7, 14, 14, 14, 14, 7, 7, 7, 7, 14, 14, 14, 14, 7, 7, 7, 7, 14, 14, 14, 14, 7, 7, 7, 7, 14, 14, 14, 14, 
0, 7, 7, 7, 7, 0, 0, 0, 0, 7, 7, 7, 7, 0, 0, 0, 0, 7, 7, 7, 7, 0, 0, 0, 0, 7, 7, 7, 7, 0, 0, 0, 0, 7, 7, 7, 7, 0, 0, 0, 0, 7, 7, 7, 7, 0, 0, 0, 0, 7, 7, 7, 7, 0, 0, 0, 0, 7, 7, 7, 7, 0, 0, 0, 
14, 14, 7, 7, 7, 7, 14, 14, 14, 14, 7, 7, 7, 7, 14, 14, 14, 14, 7, 7, 7, 7, 14, 14, 14, 14, 7, 7, 7, 7, 14, 14, 14, 14, 7, 7, 7, 7, 14, 14, 14, 14, 7, 7, 7, 7, 14, 14, 14, 14, 7, 7, 7, 7, 14, 14, 14, 14, 7, 7, 7, 7, 14, 14, 
0, 0, 0, 7, 7, 7, 7, 0, 0, 0, 0, 7, 7, 7, 7, 0, 0, 0, 0, 7, 7, 7, 7, 0, 0, 0, 0, 7, 7, 7, 7, 0, 0, 0, 0, 7, 7, 7, 7, 0, 0, 0, 0, 7, 7, 7, 7, 0, 0, 0, 0, 7, 7, 7, 7, 0, 0, 0, 0, 7, 7, 7, 7, 0, 
14, 14, 14, 14, 7, 7, 7, 7, 14, 14, 14, 14, 7, 7, 7, 7, 14, 14, 14, 14, 7, 7, 7, 7, 14, 14, 14, 14, 7, 7, 7, 7, 14, 14, 14, 14, 7, 7, 7, 7, 14, 14, 14, 14, 7, 7, 7, 7, 14, 14, 14, 14, 7, 7, 7, 7, 14, 14, 14, 14, 7, 7, 7, 7, 
7, 0, 0, 0, 0, 7, 7, 7, 7, 0, 0, 0, 0, 7, 7, 7, 7, 0, 0, 0, 0, 7, 7, 7, 7, 0, 0, 0, 0, 7, 7, 7, 7, 0, 0, 0, 0, 7, 7, 7, 7, 0, 0, 0, 0, 7, 7, 7, 7, 0, 0, 0, 0, 7, 7, 7, 7, 0, 0, 0, 0, 7, 7, 7, 
7, 7, 14, 14, 14, 14, 7, 7, 7, 7, 14, 14, 14, 14, 7, 7, 7, 7, 14, 14, 14, 14, 7, 7, 7, 7, 14, 14, 14, 14, 7, 7, 7, 7, 14, 14, 14, 14, 7, 7, 7, 7, 14, 14, 14, 14, 7, 7, 7, 7, 14, 14, 14, 14, 7, 7, 7, 7, 14, 14, 14, 14, 7, 7, 
7, 7, 7, 0, 0, 0, 0, 7, 7, 7, 7, 0, 0, 0, 0, 7, 7, 7, 7, 0, 0, 0, 0, 7, 7, 7, 7, 0, 0, 0, 0, 7, 7, 7, 7, 0, 0, 0, 0, 7, 7, 7, 7, 0, 0, 0, 0, 7, 7, 7, 7, 0, 0, 0, 0, 7, 7, 7, 7, 0, 0, 0, 0, 7 
