Dark Measurment Timestamp:20121016T093841
GR_L,0,2,2,4,2,3
GR_R,0,0,0,0,0,0
UV_L,0,2,3,4,4,4
UV_R,0,4,4,6,1,4

Light Measurement Timestamp:20121016T093848
GR_L,2165,2213,2786,2256,2127,2064
GR_R,2189,2114,2333,2186,2230,1954
UV_L,2257,2003,1902,1957,1728,2108
UV_R,2047,1951,1838,2014,1914,1906

Dark Measurment Timestamp:20121130T113810
GR_L,0,2,2,4,2,2
GR_R,0,0,0,0,0,0
UV_L,1,2,3,4,3,3
UV_R,0,3,3,6,1,4

Light Measurement Timestamp:20121130T113820
GR_L,2273,2243,2780,2264,2096,2071
GR_R,2175,2122,2355,2176,2146,1983
UV_L,2067,1903,1809,1881,1675,1938
UV_R,2070,1981,1855,2051,2097,1963

Dark Measurment Timestamp:20130701T140447
GR_L,0,2,2,3,3,2
GR_R,0,0,0,0,0,0
UV_L,1,2,3,4,8,3
UV_R,0,3,2,6,1,4

Light Measurement Timestamp:20130701T140529
GR_L,2329,2212,2843,2324,2193,2171
GR_R,2002,1979,2211,2046,2132,1998
UV_L,2260,2362,2234,2161,1808,2074
UV_R,1871,1774,1645,1831,1825,1816

Dark Measurment Timestamp:20141009T103629
GR_L,1,3,4,6,16,4
GR_R,0,1,0,1,0,0
UV_L,3,4,6,7,39,6
UV_R,0,5,5,7,1,4

Dark Measurment Timestamp:20141009T103802
GR_L,2,3,4,6,16,4
GR_R,0,1,0,1,0,0
UV_L,4,4,7,7,41,6
UV_R,0,5,5,7,1,4

Dark Measurment Timestamp:20141009T103841
GR_L,0,1,2,3,1,2
GR_R,0,0,0,0,0,0
UV_L,0,2,2,3,3,3
UV_R,0,3,2,6,1,4

Light Measurement Timestamp:20141009T103859
GR_L,2464,1886,2061,2094,2078,2134
GR_R,1862,1846,2074,1982,2056,1885
UV_L,1819,1912,2015,1989,1762,2043
UV_R,1687,1691,1763,1921,1873,1868

Light Measurement Timestamp:20141009T104019
GR_L,2518,1920,2087,2128,2086,2136
GR_R,1880,1892,2123,2042,2116,1938
UV_L,1840,1927,2001,1964,1724,2003
UV_R,1690,1697,1774,1908,1893,1861

