0
0.033388
0.066777
0.100165
0.133553
0.166941
0.200329
0.233717
0.267105
0.300493
0.333881
0.36727
0.400658
0.434046
0.467435
0.500823
0.534211
0.567599
0.600987
0.634376
0.667764
0.701152
0.73454
0.767928
0.801316
0.834704
0.868092
0.90148
0.934869
0.968257
1.001645
1.035034
1.068422
1.10181
1.135198
1.168586
1.201975
1.235363
1.268751
1.302139
1.335527
1.368915
1.402303
1.435691
1.46908
1.502468
1.535856
1.569244
1.602632
1.636021
1.669409
1.702797
1.736185
1.769573
1.802961
1.83635
1.869613
1.903001
1.936389
1.969777
2.003165
2.036554
2.069942
2.10333
2.136718
2.170106
2.203494
2.236883
2.270271
2.303659
2.337047
2.370435
2.403824
2.437212
2.4706
2.503988
2.537376
2.570764
2.604152
2.63754
2.670929
2.704317
2.737705
2.771093
2.804482
2.83787
2.871258
2.904646
2.938034
2.971422
3.00481
3.038199
3.071587
3.104975
3.138363
3.171751
3.205139
3.238528
3.271916
3.305304
3.338692
3.37208
3.405468
3.438857
3.472245
3.505633
3.539021
3.572409
3.605797
3.639185
3.672574
3.705962
3.73935
3.772738
3.806126
3.839514
3.872903
3.906166
3.939554
3.972942
4.006331
4.039719
4.073107
4.106495
4.139883
4.173271
4.206659
4.240047
4.273436
4.306824
4.340212
4.3736
4.406989
4.440377
4.473765
4.507153
4.540542
4.57393
4.607318
4.640706
4.674094
4.707482
4.74087
4.774258
4.807646
4.841035
4.874422
4.907811
4.941199
4.974587
5.007975
5.041364
5.074752
5.10814
5.141529
5.174917
5.208305
5.241693
5.275081
5.308469
5.341857
5.375245
5.408633
5.442021
5.47541
5.508798
5.542186
5.575574
5.608962
5.64235
5.675739
5.709127
5.742515
5.775904
5.809292
5.84268
5.876068
5.909456
5.942844
5.976107
6.009495
6.042883
6.076272
6.10966
6.143048
6.176436
6.209825
6.243213
6.276601
6.309989
6.343377
6.376765
6.410154
6.443542
6.47693
6.510318
6.543706
6.577094
6.610482
6.643871
6.677259
6.710647
6.744036
6.777424
6.810812
6.8442
6.877588
6.910976
6.944364
6.977753
7.011141
7.044529
7.077917
7.111305
7.144693
7.178081
7.211469
7.244857
7.278246
7.311634
7.345022
7.378411
7.411799
7.445187
7.478575
7.511963
7.545352
7.57874
7.612128
7.645516
7.678904
7.712292
7.74568
7.779068
7.812456
7.845845
7.879233
7.912621
7.946009
7.979397
8.012661
8.046049
8.079437
8.112825
8.146213
8.179602
8.21299
8.246378
8.279766
8.313154
8.346542
8.37993
8.413319
8.446707
8.480095
8.513483
8.546871
8.580259
8.613648
8.647036
8.680424
8.713812
8.7472
8.780588
8.813977
8.847365
8.880753
8.914141
8.94753
8.980918
9.014306
9.047694
9.081082
9.11447
9.147858
9.181247
9.214635
9.248023
9.281411
9.314799
9.348187
9.381575
9.414963
9.448352
9.48174
9.515128
9.548516
9.581905
9.615293
9.648681
9.682069
9.715458
9.748846
9.782234
9.815622
9.84901
9.882398
9.915786
9.949174
9.982562
10.01595
10.049214
10.082602
10.11599
10.149378
10.182766
10.216155
10.249543
10.282931
10.316319
10.349708
10.383096
10.416484
10.449872
10.48326
10.516648
10.550036
10.583425
10.616813
10.650201
10.683589
10.716977
10.750365
10.783753
10.817142
10.85053
10.883918
10.917306
10.950695
10.984083
11.017471
11.050859
11.084247
11.117635
11.151023
11.184412
11.2178
11.251188
11.284576
11.317964
11.351353
11.384741
11.418129
11.451517
11.484906
11.518294
11.551682
11.58507
11.618458
11.651846
11.685234
11.718622
11.75201
11.785398
11.818787
11.852175
11.885563
11.918952
11.95234
11.985728
12.019116
12.052504
12.085892
12.119156
12.152544
12.185932
12.21932
12.252708
12.286096
12.319484
12.352872
12.38626
12.419648
12.453037
12.486425
12.519813
12.553202
12.58659
12.619978
12.653366
12.686755
12.720143
12.753531
12.786919
12.820307
12.853695
12.887083
12.920471
12.953859
12.987247
13.020636
13.054022
13.087412
13.120801
13.154189
13.187577
13.220965
13.254353
13.287741
13.32113
13.354518
13.387906
13.421294
13.454682
13.48807
13.521458
13.554846
13.588235
13.621623
13.655011
13.688397
13.721788
13.755176
13.788564
13.821952
13.85534
13.888728
13.922116
13.955505
13.988893
14.022281
14.055669
14.089057
14.122445
14.155709
14.189097
14.222485
14.255873
14.289261
14.322647
14.356038
14.389426
14.422814
14.456202
14.48959
14.522978
14.556366
14.589755
14.623143
14.656531
14.689919
14.723307
14.756695
14.790084
14.823472
14.85686
14.890248
14.923637
14.957023
14.990413
15.023801
15.057189
15.090577
15.123965
15.157353
15.190741
15.22413
15.257518
15.290906
15.324294
15.357683
15.391071
15.424459
15.457847
15.491235
15.524623
15.558012
15.591398
15.624788
15.658176
15.691564
15.724952
15.75834
15.791729
15.825117
15.858505
15.891893
15.925282
15.95867
15.992058
16.025446
16.058834
16.092222
16.125611
16.158999
16.192262
16.225648
16.259038
16.292426
16.325814
16.359202
16.392591
16.425979
16.459367
16.492755
16.526144
16.559532
16.59292
16.626308
16.659697
16.693085
16.726473
16.759861
16.793249
16.826637
16.860023
16.893413
16.926801
16.960189
16.993578
17.026966
17.060354
17.093742
17.12713
17.160519
17.193907
17.227296
17.260684
17.294072
17.32746
17.360848
17.394236
17.427624
17.461012
17.494398
17.527789
17.561177
17.594565
17.627953
17.661341
17.694729
17.728117
17.761506
17.794894
17.828282
17.861671
17.895059
17.928447
17.961835
17.995223
18.028611
18.061999
18.095387
18.128773
18.162164
18.195552
18.22894
18.262203
18.295591
18.32898
18.362368
18.395756
18.429144
18.462533
18.495921
18.529309
18.562697
18.596085
18.629473
18.662861
18.696249
18.729637
18.763024
18.796414
18.829802
18.863191
18.896579
18.929967
18.963355
18.996743
19.030131
19.063519
19.096908
19.130296
19.163684
19.197072
19.23046
19.263848
19.297236
19.330624
19.364012
19.397399
19.430789
19.464178
19.497566
19.530954
19.564342
19.59773
19.631118
19.664506
19.697894
19.731283
19.764671
19.798059
19.831447
19.864835
19.898223
19.931611
19.965
19.998388
20.031776
20.065165
20.098553
20.131941
20.165329
20.198717
20.232105
20.265493
20.298756
20.332144
20.365533
20.398921
20.432309
20.465697
20.499086
20.532474
20.565862
20.59925
20.632638
20.666027
20.699415
20.732803
20.766191
20.799579
20.832967
20.866355
20.899743
20.933131
20.966519
20.999908
21.033296
21.066685
21.100073
21.133461
21.166849
21.200237
21.233625
21.267014
21.300402
21.33379
21.367178
21.400566
21.433954
21.467342
21.50073
21.534118
21.567506
21.600895
21.634283
21.667671
21.70106
21.734448
21.767836
21.801224
21.834613
21.868001
21.901389
21.934777
21.968165
22.001553
22.034941
22.068329
22.101717
22.135105
22.168494
22.201882
22.23527
22.268659
22.302047
22.33531
22.368698
22.402086
22.435475
22.468863
22.502251
22.535639
22.569027
22.602415
22.635803
22.669191
22.702579
22.735968
22.769356
22.802744
22.836132
22.86952
22.902909
22.936297
22.969685
23.003073
23.036462
23.06985
23.103238
23.136626
23.170014
23.203402
23.23679
23.270179
23.303567
23.336955
23.370343
23.403731
23.43712
23.470507
23.503896
23.537284
23.570672
23.60406
23.637449
23.670837
23.704225
23.737613
23.771001
23.804389
23.837777
23.871165
23.904554
23.937942
23.97133
24.004718
24.038107
24.071495
24.104883
24.138271
24.171659
24.205047
24.238435
24.271824
24.305212
24.3386
24.371988
24.405251
24.438639
24.472027
24.505416
24.538804
24.572192
24.60558
24.638968
24.672357
24.705745
24.739133
24.772521
24.805909
24.839297
24.872685
24.906074
24.939462
24.97285
25.006238
25.039626
25.073014
25.106403
25.139791
25.173179
25.206567
25.239956
25.273344
25.306732
25.34012
25.373508
25.406896
25.440284
25.473672
25.507061
25.540449
25.573837
25.607225
25.640613
25.674001
25.70739
25.740778
25.774166
25.807555
25.840943
25.874331
25.907719
25.941107
25.974495
26.007883
26.041271
26.074659
26.108047
26.141436
26.174824
26.208212
26.2416
26.274989
26.308377
26.341765
26.375154
26.408542
26.441805
26.475193
26.508581
26.541969
26.575357
26.608745
26.642133
26.675521
26.70891
26.742298
26.775686
26.809074
26.842462
26.87585
26.909239
26.942627
26.976015
27.009404
27.042792
27.07618
27.109568
27.142956
27.176344
27.209732
27.24312
27.276508
27.309896
27.343285
27.376673
27.410061
27.443449
27.476838
27.510226
27.543614
27.577002
27.61039
27.643779
27.677167
27.710555
27.743943
27.777331
27.810719
27.844107
27.877495
27.910883
27.944272
27.97766
28.011048
28.044437
28.077825
28.111213
28.144601
28.177989
28.211377
28.244766
28.278154
28.311542
28.34493
28.378318
28.411706
28.445094
28.478357
28.511746
28.545134
28.578522
28.611911
28.645299
28.678687
28.712075
28.745463
28.778851
28.81224
28.845628
28.879016
28.912404
28.945792
28.97918
29.012568
29.045956
29.079344
29.112732
29.146121
29.179509
29.212897
29.246286
29.279674
29.313062
29.34645
29.379838
29.413227
29.446615
29.480003
29.513391
29.546779
29.580167
29.613555
29.646943
29.680331
29.71372
29.747108
29.780496
29.813884
29.847272
29.880661
29.914049
29.947437
29.980825
30.014213
30.047602
30.08099
30.114378
30.147766
30.181154
30.214542
30.24793
30.281319
30.314707
30.348095
30.381483
30.414871
30.448259
30.481648
30.515036
30.548299
30.581687
30.615075
30.648463
30.681852
30.71524
30.748628
30.782016
30.815404
30.848793
30.882181
30.915569
30.948957
30.982345
31.015733
31.049122
31.08251
31.115898
31.149286
31.182674
31.216062
31.24945
31.282838
31.316227
31.349615
31.383003
31.416391
31.44978
31.483168
31.516556
31.549944
31.583332
31.616721
31.650109
31.683497
31.716885
31.750273
31.783661
31.817049
31.850437
31.883825
31.917213
31.950602
31.98399
32.017378
32.050766
32.084155
32.117543
32.150931
32.184319
32.217708
32.251096
32.284484
32.317872
32.35126
32.384648
32.418036
32.451424
32.484813
32.518201
32.551589
32.584852
32.61824
32.651628
32.685016
32.718405
32.751793
32.785181
32.818569
32.851958
32.885346
32.918734
32.952122
32.98551
33.018898
33.052287
33.085675
33.119063
33.152451
33.185839
33.219227
33.252615
33.286004
33.319392
33.35278
33.386169
33.419557
33.452945
33.486333
33.519721
33.553109
33.586497
33.619885
33.653273
33.686662
33.72005
33.753438
33.786826
33.820215
33.853603
33.886991
33.920379
33.953767
33.987156
34.020544
34.053932
34.08732
34.120708
34.154096
34.187484
34.220872
34.25426
34.287648
34.321037
34.354425
34.387813
34.421202
34.45459
34.487978
34.521366
34.554754
34.588143
34.621531
34.654794
34.688182
34.72157
34.754958
34.788346
34.821734
34.855122
34.88851
34.921899
34.955287
34.988675
35.022063
35.055452
35.08884
35.122228
35.155616
35.189005
35.222393
35.255781
35.289169
35.322557
35.355945
35.389333
35.422721
35.456109
35.489498
35.522886
35.556272
35.589663
35.623051
35.656439
35.689827
35.723215
35.756603
35.789991
35.82338
35.856768
35.890156
35.923544
35.956932
35.99032
36.023708
36.057097
36.090485
36.123873
36.157261
36.190647
36.224038
36.257426
36.290814
36.324202
36.35759
36.390978
36.424366
36.457755
36.491143
36.524531
36.557919
36.591307
36.624695
36.658084
36.691347
36.724735
36.758123
36.791511
36.824897
36.858288
36.891676
36.925064
36.958452
36.99184
37.025228
37.058616
37.092005
37.125393
37.158781
37.192169
37.225557
37.258945
37.292334
37.325722
37.35911
37.392498
37.425887
37.459273
37.492663
37.526051
37.559439
37.592827
37.626215
37.659603
37.692991
37.72638
37.759768
37.793156
37.826544
37.859933
37.893321
37.926709
37.960097
37.993485
38.026874
38.060262
38.093648
38.127038
38.160426
38.193814
38.227202
38.260591
38.293979
38.327367
38.360755
38.394143
38.427532
38.46092
38.494308
38.527696
38.561084
38.594472
38.627861
38.661249
38.694637
38.727898
38.761288
38.794676
38.828064
38.861452
38.894841
38.928229
38.961617
38.995005
39.028394
39.061782
39.09517
39.128558
39.161947
39.195335
39.228723
39.262111
39.295499
39.328887
39.362273
39.395663
39.429051
39.462439
39.495828
39.529216
39.562604
39.595992
39.62938
39.662769
39.696157
39.729546
39.762934
39.796322
39.82971
39.863098
39.896486
39.929874
39.963262
39.996648
40.030038
40.063427
40.096815
40.130203
40.163591
40.196979
40.230367
40.263755
40.297144
40.330532
40.363921
40.397309
40.430697
40.464085
40.497473
40.530861
40.564249
40.597637
40.631023
40.664414
40.697802
40.73119
40.764578
40.797841
40.83123
40.864618
40.898006
40.931394
40.964783
40.998171
41.031559
41.064947
41.098335
41.131723
41.165111
41.198499
41.231887
41.265273
41.298664
41.332052
41.36544
41.398829
41.432217
41.465605
41.498993
41.532381
41.565769
41.599158
41.632546
41.665934
41.699322
41.73271
41.766098
41.799486
41.832874
41.866262
41.899649
41.933039
41.966428
41.999816
42.033204
42.066592
42.09998
42.133368
42.166756
42.200144
42.233533
42.266921
42.300309
42.333697
42.367085
42.400473
42.433861
42.467249
42.500638
42.534026
42.567414
42.600803
42.634191
42.667579
42.700967
42.734355
42.767743
42.801131
42.834394
42.867783
42.901171
42.934559
42.967947
43.001335
43.034723
43.068112
43.1015
43.134888
43.168276
43.201665
43.235053
43.268441
43.301829
43.335217
43.368605
43.401993
43.435381
43.468769
43.502158
43.535546
43.568934
43.602322
43.635711
43.669099
43.702487
43.735875
43.769263
43.802652
43.83604
43.869428
43.902816
43.936204
43.969592
44.00298
44.036368
44.069756
44.103144
44.136533
44.169921
44.203309
44.236698
44.270086
44.303474
44.336862
44.37025
44.403639
44.437027
44.470415
44.503803
44.537191
44.570579
44.603967
44.637355
44.670743
44.704131
44.73752
44.770908
44.804296
44.837685
44.870948
44.904336
44.937724
44.971113
45.004501
45.037889
45.071277
45.104665
45.138053
45.171441
45.204829
45.238217
45.271605
45.304994
45.338382
45.37177
45.405159
45.438547
45.471935
45.505323
45.538711
45.5721
45.605488
45.638876
45.672264
45.705652
45.73904
45.772428
45.805816
45.839204
45.872593
45.905981
45.939369
45.972757
46.006145
46.039534
46.072922
